             precision    recall  f1-score   support

    1004622       0.90      0.90      0.90        10
    1010544       1.00      1.00      1.00         2
    1011491       1.00      0.47      0.64        15
    1011831       1.00      1.00      1.00         2
    1012721       0.93      0.90      0.92        30
    1013666       0.00      0.00      0.00         2
    1014064       1.00      0.67      0.80         3
    1032361       0.91      0.88      0.89        24
    1052221       0.00      0.00      0.00         3
    1066233       1.00      0.25      0.40         4
    1066515       1.00      1.00      1.00         2
    1066551       0.56      0.93      0.70        15
    1067848       0.80      0.80      0.80         5
    1067948       1.00      1.00      1.00         1
    1078792       0.77      1.00      0.87        20
    1092494       0.97      1.00      0.98        32
    1121355       1.00      0.33      0.50         6
    1154546       0.00      0.00      0.00         9
    1161734       0.75      0.50      0.60         6
    1170735       1.00      1.00      1.00         1
    1179927       0.75      0.50      0.60         6
    1179963       0.00      0.00      0.00         4
    1180061       0.00      0.00      0.00         1
    1180104       0.40      0.24      0.30        17
    1182175       1.00      0.81      0.89        26
    1199284       1.00      1.00      1.00         4
    1207275       1.00      0.17      0.29         6
    1208753       1.00      1.00      1.00         1
    1228939       0.98      0.83      0.90        95
    1228993       1.00      1.00      1.00         5
    1251132       0.82      0.95      0.88        58
    1309041       1.00      1.00      1.00         1
    1315467       1.00      1.00      1.00         1
    1315528       0.00      0.00      0.00         0
    1324987       0.00      0.00      0.00         1
    1331217       0.00      0.00      0.00         1
    1338007       0.00      0.00      0.00         2
    1338089       0.75      0.23      0.35        13
    1404133       0.00      0.00      0.00         2
    1404415       1.00      1.00      1.00         2
    1431386       0.61      0.93      0.74        15
    1450317       1.00      1.00      1.00         1
    1475036       1.00      1.00      1.00         5
    1493444       0.78      1.00      0.88         7
    1508787       1.00      0.50      0.67         6
    1511584       0.12      0.12      0.12         8
    1515341       1.00      1.00      1.00        20
    1535718       1.00      1.00      1.00         1
    1563392       1.00      0.73      0.84        11
    1563461       1.00      1.00      1.00         5
    1579138       0.67      1.00      0.80         4
    1580049       0.00      0.00      0.00        17
    1617038       1.00      0.36      0.53        22
    1685052       0.92      0.92      0.92        13
    1775051       0.50      0.50      0.50         2
    1776209       0.50      1.00      0.67         1
    1807118       1.00      1.00      1.00         6
    1808056       1.00      0.83      0.91        12
    1814093       1.00      1.00      1.00         2
    1816073       1.00      0.92      0.96        12
    1930151       1.00      0.86      0.92        14
    1972826       1.00      1.00      1.00         1
    1973042       1.00      1.00      1.00         3
    1974315       1.00      0.23      0.38        13
    1981345       1.00      1.00      1.00         3
    1989198       1.00      1.00      1.00         4
    1991044       1.00      0.17      0.29         6
    1997154       1.00      1.00      1.00         1
    2010435       1.00      1.00      1.00         1
    2011874       0.00      0.00      0.00         1
    2032076       1.00      0.21      0.34        29
    2051131       1.00      1.00      1.00         5
    2075383       1.00      1.00      1.00         1
    2078113       0.42      0.49      0.45       230
    2095189       0.66      0.91      0.77        54
    2106238       1.00      1.00      1.00         3
    2107458       0.96      0.94      0.95       472
    2138219       1.00      1.00      1.00         1
    2141045       0.00      0.00      0.00         0
    2146641       0.88      1.00      0.93         7
    2173065       0.76      0.91      0.83       360
    2173135       0.75      1.00      0.86         3
    2202037       0.33      0.11      0.17         9
    2212043       0.75      1.00      0.86         3
    2248278       0.69      0.85      0.76        13
    2281794       1.00      1.00      1.00         2
    2284728       1.00      1.00      1.00         1
    2319319       1.00      1.00      1.00         1
    2330703       0.53      0.95      0.68        19
    2340293       0.80      1.00      0.89        40
    2375195       0.88      0.96      0.92       148
    2432045       1.00      1.00      1.00         4
    2432142       1.00      1.00      1.00         2
    2432276       0.75      1.00      0.86        18
    2467129       0.56      0.16      0.25       127
    2467183       0.76      0.34      0.47        73
    2480232       0.91      1.00      0.95        10
    2525293       1.00      0.50      0.67         2
    2540079       0.83      0.83      0.83         6
    2541184       0.99      0.99      0.99       461
    2542914       1.00      1.00      1.00         2
    2576068       0.62      1.00      0.77         5
    2598445       0.81      1.00      0.90        13
    2598588       1.00      0.67      0.80         3
    2613542       0.72      0.97      0.83        30
    2628429       0.65      0.94      0.77        54
    2633103       0.77      0.85      0.81       100
    2633158       0.00      0.00      0.00         1
    2643215       0.00      0.00      0.00         2
    2663112       1.00      1.00      1.00        11
    2670133       0.67      0.81      0.73       340
    2671044       0.95      1.00      0.97        19
    2677215       1.00      1.00      1.00         2
    2678108       1.00      1.00      1.00         4
    2678241       1.00      0.33      0.50         3
    2678578       0.00      0.00      0.00         6
    2703101       1.00      1.00      1.00         1
    2704058       0.94      0.98      0.96       160
    2712876       1.00      1.00      1.00         6
    2722585       0.00      0.00      0.00         1
    2724717       0.00      0.00      0.00         1
    2730972       0.00      0.00      0.00         2
    2737083       0.54      1.00      0.70         7
    2737171       0.00      0.00      0.00         1
    2749041       0.95      0.95      0.95        21
    2755149       0.94      1.00      0.97        16
    2758085       0.98      0.98      0.98        60
    2758119       1.00      1.00      1.00         2
    2760575       0.00      0.00      0.00         0
    2769488       1.00      0.88      0.93         8
    2774101       0.00      0.00      0.00         0
    2795128       0.00      0.00      0.00         1
    2802508       0.95      1.00      0.97        37
    2807036       0.95      0.98      0.97        62
    2808872       1.00      1.00      1.00         1
    2809529       0.00      0.00      0.00         0
    2815178       0.00      0.00      0.00         1
    2823899       1.00      0.50      0.67         6
    2824158       1.00      1.00      1.00         2
    2833031       0.50      0.03      0.05        39
    2833095       1.00      1.00      1.00         8
    2842602       1.00      1.00      1.00         1
    2842639       0.93      1.00      0.96        13
    2842757       1.00      0.91      0.95        11
    2856465       1.00      0.10      0.18        10
    2856517       0.73      0.57      0.64        47
    2856544       0.79      0.65      0.71        17
    2889044       0.80      0.73      0.76        11
    2897055       0.50      0.77      0.61        22
    2897073       1.00      0.50      0.67        10
    2897091       0.00      0.00      0.00         1
    2897116       0.80      0.90      0.84        39
    2903172       1.00      1.00      1.00        30
    2935092       1.00      1.00      1.00         7
    2938114       1.00      1.00      1.00         1
    2945052       0.73      0.64      0.68       228
    2953607       0.57      0.84      0.68       183
    2953816       0.00      0.00      0.00         1
    2967045       1.00      1.00      1.00         7
    2977637       0.96      0.81      0.88       166
    3001046       0.00      0.00      0.00        14
    3021387       0.91      0.91      0.91        11
    3046066       0.54      0.36      0.43        42
    3046603       0.55      0.28      0.37       128
    3055161       0.80      1.00      0.89         4
    3071408       1.00      0.92      0.96        13
    3071602       0.00      0.00      0.00         1
    3088387       0.50      1.00      0.67         3
    3130065       0.00      0.00      0.00         1
    3152127       0.92      1.00      0.96        12
    3166581       0.83      0.71      0.77         7
    3180602       1.00      1.00      1.00         4
    3184753       0.00      0.00      0.00         1
    3184908       0.00      0.00      0.00         1
    3209295       1.00      0.60      0.75         5
    3244621       0.20      0.05      0.07        22
    3301256       1.00      0.50      0.67         2
    3301556       1.00      0.89      0.94         9
    3302121       0.00      0.00      0.00         1
    3431061       1.00      1.00      1.00         1
    3433032       1.00      0.50      0.67         2
    3447104       0.78      0.90      0.84        20
    3447362       1.00      1.00      1.00         2
    3455185       0.00      0.00      0.00         1
    3455398       0.95      1.00      0.97        74
    3487029       0.71      1.00      0.83         5
    3519923       0.33      0.50      0.40         2
    3552327       1.00      1.00      1.00        22
    3555951       1.00      1.00      1.00         1
    3559384       0.71      0.71      0.71         7
    3559471       0.80      1.00      0.89         8
    3559505       0.50      0.22      0.31         9
    3566857       1.00      1.00      1.00         1
    3600554       0.00      0.00      0.00         1
    3617069       1.00      1.00      1.00         1
    3619085       0.00      0.00      0.00         1
    3650045       1.00      1.00      1.00         1
    3650081       1.00      1.00      1.00         3
    3650391       1.00      0.50      0.67         2
    3650503       1.00      0.33      0.50         3
    3668336       0.00      0.00      0.00         3
    3720071       1.00      1.00      1.00         1
    3838112       0.00      0.00      0.00         2
    7294661       0.56      0.56      0.56        25
    7836737       0.00      0.00      0.00         1
    7849894       1.00      1.00      1.00         1
    7959033       0.68      0.65      0.67        20
    8025816       0.00      0.00      0.00         1
    8115906       0.00      0.00      0.00         0
    8237302       0.80      1.00      0.89        20
    8323593       0.00      0.00      0.00         6
    8461915       0.00      0.00      0.00         2
    8473608       0.00      0.00      0.00         1
    8504353       1.00      1.00      1.00         2
    8533848       1.00      1.00      1.00         1
    8534204       0.00      0.00      0.00         1
    8564564       0.00      0.00      0.00         1
    8590562       0.50      1.00      0.67         1
    8736601       0.62      0.83      0.71         6
    8760398       1.00      0.82      0.90        11
    8770868       1.00      0.50      0.67         4
    8813313       0.75      0.60      0.67         5
    8814811       0.00      0.00      0.00         1
    8878609       0.00      0.00      0.00         1
    8887644       1.00      0.80      0.89         5
    8947205       0.00      0.00      0.00         1
    8949365       1.00      1.00      1.00         2
    8963936       0.00      0.00      0.00         1
    9064077       0.00      0.00      0.00         1
    9092563       0.67      0.67      0.67         3
    9122683       0.00      0.00      0.00         4
    9166742       0.00      0.00      0.00         1
    9166797       0.92      1.00      0.96        22
    9189415       1.00      1.00      1.00         4
    9194999       1.00      1.00      1.00         1
    9215333       0.88      1.00      0.93         7
    9238336       0.00      0.00      0.00         1
    9254111       0.57      0.57      0.57        21
    9254255       1.00      1.00      1.00         5
    9261014       1.00      0.60      0.75         5
    9261746       1.00      1.00      1.00         1
    9265038       0.50      0.33      0.40         3
    9276473       0.90      0.78      0.84        23
    9291232       1.00      1.00      1.00         6
    9328809       0.43      1.00      0.60         3
    9328943       1.00      1.00      1.00         6
    9331591       0.50      1.00      0.67         1
    9331644       1.00      0.40      0.57         5
    9345559       0.00      0.00      0.00         2
    9374134       0.22      1.00      0.36         2
    9385809       1.00      1.00      1.00         6
    9396833       1.00      1.00      1.00         2
    9406243       1.00      1.00      1.00         6
    9441712       0.00      0.00      0.00         1
    9460736       0.88      0.37      0.52        19
    9461183       0.88      0.78      0.82         9
    9487067       0.00      0.00      0.00         7
    9511432       1.00      0.88      0.93        16
    9515937       0.00      0.00      0.00         1
    9517748       0.00      0.00      0.00         1
    9540428       0.83      1.00      0.91         5
    9589956       0.00      0.00      0.00         1
    9622501       0.00      0.00      0.00         1
    9629301       1.00      1.00      1.00         1
    9629647       0.00      0.00      0.00         2
    9649243       1.00      0.75      0.86         4
    9663261       0.53      1.00      0.70         8
    9691527       0.43      1.00      0.60         3
    9701377       0.79      0.92      0.85        12
    9707935       1.00      0.17      0.29         6
    9713872       0.40      0.61      0.49        41
    9715591       1.00      0.75      0.86         4
    9739989       0.00      0.00      0.00         4
    9791614       1.00      0.42      0.59        12
    9791723       0.00      0.00      0.00        10
    9810374       0.91      0.91      0.91        11
    9823769       1.00      0.33      0.50         9
    9827204       1.00      1.00      1.00         2
    9843708       1.00      0.67      0.80         3
    9854507       0.00      0.00      0.00        11
    9854668       0.58      0.26      0.36        27
    9854786       0.91      0.77      0.83        13
    9854804       0.62      0.83      0.71       490
    9865018       1.00      1.00      1.00        11
    9889193       1.00      0.18      0.31        11
    9893348       1.00      0.50      0.67         6
    9902347       0.43      0.52      0.47       124
    9927328       0.93      0.48      0.64        29
    9927373       1.00      1.00      1.00         8
    9927451       0.00      0.00      0.00         2
    9936089       1.00      0.83      0.91         6
    9949037       1.00      0.50      0.67         6
    9955514       0.59      0.95      0.73        20
    9959853       0.71      1.00      0.83         5
    9967476       1.00      1.00      1.00         5
    9976899       1.00      0.80      0.89        10
    9984142       0.90      0.60      0.72        15

avg / total       0.76      0.77      0.75      6309


 Train Score : 0.7872012031027387   Test Score : 0.7665240133143129   MAP@5_Train : 0.8734136721017359   MAP@5_Test : 0.8549056902837218 



Errors :

Pattern :  input --- predicted label --- AP@5 --- input index

time_to_click  ---   2202037   ---   0.5   ---   3
